{
 "cells": [
  {
   "cell_type": "code",
   "execution_count": 26,
   "metadata": {},
   "outputs": [],
   "source": [
    "import pandas as pd\n",
    "from scipy import sparse\n",
    "from sklearn.metrics.pairwise import cosine_similarity"
   ]
  },
  {
   "cell_type": "code",
   "execution_count": 27,
   "metadata": {},
   "outputs": [
    {
     "name": "stdout",
     "output_type": "stream",
     "text": [
      "        action1  action2  action3  romantic1  romantic2  romantic3\n",
      "user 1      4.0      5.0      3.0        0.0        2.0        1.0\n",
      "user 2      5.0      3.0      3.0        2.0        2.0        0.0\n",
      "user 3      1.0      0.0      0.0        4.0        5.0        4.0\n",
      "user 4      0.0      2.0      1.0        4.0        0.0        3.0\n",
      "user 5      1.0      0.0      2.0        3.0        3.0        4.0\n"
     ]
    }
   ],
   "source": [
    "df=pd.read_csv(r\"C:\\\\Users\\\\Pranjal\\Desktop\\data\\toy_dataset.csv.txt\",index_col=0)\n",
    "df=df.fillna(0)\n",
    "print(df.head())"
   ]
  },
  {
   "cell_type": "code",
   "execution_count": 28,
   "metadata": {},
   "outputs": [
    {
     "name": "stdout",
     "output_type": "stream",
     "text": [
      "[[ 1.          0.70668875  0.81368151 -0.79941088 -0.02539184 -0.91410609]\n",
      " [ 0.70668875  1.          0.72310153 -0.84515425 -0.5189993  -0.84337386]\n",
      " [ 0.81368151  0.72310153  1.         -0.84794611 -0.3799803  -0.80218063]\n",
      " [-0.79941088 -0.84515425 -0.84794611  1.          0.14803913  0.72374686]\n",
      " [-0.02539184 -0.5189993  -0.3799803   0.14803913  1.          0.39393939]\n",
      " [-0.91410609 -0.84337386 -0.80218063  0.72374686  0.39393939  1.        ]]\n"
     ]
    }
   ],
   "source": [
    "def standardize(row):\n",
    "    new_row=(row-row.mean())/(row.max()-row.mean())\n",
    "    return new_row\n",
    "ratings_std=df.apply(standardize)\n",
    "item_similarity=cosine_similarity(ratings_std.T)\n",
    "print(item_similarity)"
   ]
  },
  {
   "cell_type": "code",
   "execution_count": 29,
   "metadata": {},
   "outputs": [
    {
     "data": {
      "text/html": [
       "<div>\n",
       "<style scoped>\n",
       "    .dataframe tbody tr th:only-of-type {\n",
       "        vertical-align: middle;\n",
       "    }\n",
       "\n",
       "    .dataframe tbody tr th {\n",
       "        vertical-align: top;\n",
       "    }\n",
       "\n",
       "    .dataframe thead th {\n",
       "        text-align: right;\n",
       "    }\n",
       "</style>\n",
       "<table border=\"1\" class=\"dataframe\">\n",
       "  <thead>\n",
       "    <tr style=\"text-align: right;\">\n",
       "      <th></th>\n",
       "      <th>action1</th>\n",
       "      <th>action2</th>\n",
       "      <th>action3</th>\n",
       "      <th>romantic1</th>\n",
       "      <th>romantic2</th>\n",
       "      <th>romantic3</th>\n",
       "    </tr>\n",
       "  </thead>\n",
       "  <tbody>\n",
       "    <tr>\n",
       "      <th>action1</th>\n",
       "      <td>1.000000</td>\n",
       "      <td>0.706689</td>\n",
       "      <td>0.813682</td>\n",
       "      <td>-0.799411</td>\n",
       "      <td>-0.025392</td>\n",
       "      <td>-0.914106</td>\n",
       "    </tr>\n",
       "    <tr>\n",
       "      <th>action2</th>\n",
       "      <td>0.706689</td>\n",
       "      <td>1.000000</td>\n",
       "      <td>0.723102</td>\n",
       "      <td>-0.845154</td>\n",
       "      <td>-0.518999</td>\n",
       "      <td>-0.843374</td>\n",
       "    </tr>\n",
       "    <tr>\n",
       "      <th>action3</th>\n",
       "      <td>0.813682</td>\n",
       "      <td>0.723102</td>\n",
       "      <td>1.000000</td>\n",
       "      <td>-0.847946</td>\n",
       "      <td>-0.379980</td>\n",
       "      <td>-0.802181</td>\n",
       "    </tr>\n",
       "    <tr>\n",
       "      <th>romantic1</th>\n",
       "      <td>-0.799411</td>\n",
       "      <td>-0.845154</td>\n",
       "      <td>-0.847946</td>\n",
       "      <td>1.000000</td>\n",
       "      <td>0.148039</td>\n",
       "      <td>0.723747</td>\n",
       "    </tr>\n",
       "    <tr>\n",
       "      <th>romantic2</th>\n",
       "      <td>-0.025392</td>\n",
       "      <td>-0.518999</td>\n",
       "      <td>-0.379980</td>\n",
       "      <td>0.148039</td>\n",
       "      <td>1.000000</td>\n",
       "      <td>0.393939</td>\n",
       "    </tr>\n",
       "    <tr>\n",
       "      <th>romantic3</th>\n",
       "      <td>-0.914106</td>\n",
       "      <td>-0.843374</td>\n",
       "      <td>-0.802181</td>\n",
       "      <td>0.723747</td>\n",
       "      <td>0.393939</td>\n",
       "      <td>1.000000</td>\n",
       "    </tr>\n",
       "  </tbody>\n",
       "</table>\n",
       "</div>"
      ],
      "text/plain": [
       "            action1   action2   action3  romantic1  romantic2  romantic3\n",
       "action1    1.000000  0.706689  0.813682  -0.799411  -0.025392  -0.914106\n",
       "action2    0.706689  1.000000  0.723102  -0.845154  -0.518999  -0.843374\n",
       "action3    0.813682  0.723102  1.000000  -0.847946  -0.379980  -0.802181\n",
       "romantic1 -0.799411 -0.845154 -0.847946   1.000000   0.148039   0.723747\n",
       "romantic2 -0.025392 -0.518999 -0.379980   0.148039   1.000000   0.393939\n",
       "romantic3 -0.914106 -0.843374 -0.802181   0.723747   0.393939   1.000000"
      ]
     },
     "execution_count": 29,
     "metadata": {},
     "output_type": "execute_result"
    }
   ],
   "source": [
    "item_similarity_df=pd.DataFrame(item_similarity,index=df.columns,columns=df.columns)\n",
    "item_similarity_df"
   ]
  },
  {
   "cell_type": "markdown",
   "metadata": {},
   "source": [
    "Let's Make Recommendation"
   ]
  },
  {
   "cell_type": "code",
   "execution_count": 30,
   "metadata": {},
   "outputs": [
    {
     "name": "stdout",
     "output_type": "stream",
     "text": [
      "romantic3   -1.500000\n",
      "romantic1   -1.085620\n",
      "romantic2   -0.590909\n",
      "action3      1.203271\n",
      "action2      1.265061\n",
      "action1      1.371159\n",
      "Name: romantic3, dtype: float64\n"
     ]
    }
   ],
   "source": [
    "def get_similar_movies(movie_name,user_rating):\n",
    "    similar_score=item_similarity_df[movie_name]*(user_rating-2.5)\n",
    "    similar_score=similar_score.sort_values(ascending=True)\n",
    "    return similar_score\n",
    "print(get_similar_movies(\"romantic3\",1))"
   ]
  },
  {
   "cell_type": "code",
   "execution_count": 31,
   "metadata": {},
   "outputs": [
    {
     "data": {
      "text/plain": [
       "action1      3.909247\n",
       "action2      3.810282\n",
       "action3      3.807445\n",
       "romantic2   -2.154389\n",
       "romantic1   -3.306206\n",
       "romantic3   -4.376174\n",
       "dtype: float64"
      ]
     },
     "execution_count": 31,
     "metadata": {},
     "output_type": "execute_result"
    }
   ],
   "source": [
    "action_lover=[('action1',5),('romantic2',1),('romantic3',1)]\n",
    "similar_movies=pd.DataFrame()\n",
    "for movie,rating in action_lover:\n",
    "    similar_movies=similar_movies.append(get_similar_movies(movie,rating),ignore_index=True)\n",
    "similar_movies.head()    \n",
    "similar_movies.sum().sort_values(ascending=False)"
   ]
  },
  {
   "cell_type": "code",
   "execution_count": null,
   "metadata": {},
   "outputs": [],
   "source": []
  },
  {
   "cell_type": "code",
   "execution_count": null,
   "metadata": {},
   "outputs": [],
   "source": []
  },
  {
   "cell_type": "code",
   "execution_count": null,
   "metadata": {},
   "outputs": [],
   "source": []
  }
 ],
 "metadata": {
  "kernelspec": {
   "display_name": "Python 3",
   "language": "python",
   "name": "python3"
  },
  "language_info": {
   "codemirror_mode": {
    "name": "ipython",
    "version": 3
   },
   "file_extension": ".py",
   "mimetype": "text/x-python",
   "name": "python",
   "nbconvert_exporter": "python",
   "pygments_lexer": "ipython3",
   "version": "3.7.6"
  }
 },
 "nbformat": 4,
 "nbformat_minor": 4
}
